0.000000000000000000e+00 0.000000000000000000e+00 0.000000000000000000e+00 0.000000000000000000e+00 1.166969744821953897e-01
5.568650450149120745e-01 0.000000000000000000e+00 0.000000000000000000e+00 0.000000000000000000e+00 4.692486790507521266e-01
0.000000000000000000e+00 1.299129041150915764e+00 0.000000000000000000e+00 0.000000000000000000e+00 1.031694224066141086e+00
2.143737987328321326e-01 4.724242597017093148e-01 0.000000000000000000e+00 0.000000000000000000e+00 7.054725298080373186e-01
0.000000000000000000e+00 0.000000000000000000e+00 6.960985491514412038e-01 0.000000000000000000e+00 5.644909351858939939e-01
6.599911059735250607e-01 0.000000000000000000e+00 8.501026977385827132e-01 0.000000000000000000e+00 5.284618232834068507e-01
0.000000000000000000e+00 7.197504474506942751e-01 4.964018075639425875e-01 0.000000000000000000e+00 1.512737658500386662e+00
1.116108380087657698e-01 0.000000000000000000e+00 0.000000000000000000e+00 0.000000000000000000e+00 8.347182284239198502e-01
0.000000000000000000e+00 0.000000000000000000e+00 0.000000000000000000e+00 1.055560825820179849e+00 9.223156809304339232e-01
9.964509883569064308e-02 0.000000000000000000e+00 0.000000000000000000e+00 1.012166973324054586e+00 4.836620136524803770e-02
0.000000000000000000e+00 1.419847195425934183e+00 0.000000000000000000e+00 2.049925886997643332e+00 1.482941254462044167e+00
1.018221205846119304e-01 2.029615744887258433e-01 0.000000000000000000e+00 4.679424842170647469e-01 6.896315390842824300e-01
0.000000000000000000e+00 0.000000000000000000e+00 1.537814358297152073e-01 1.952166010033675181e-01 9.968163400073568603e-01
0.000000000000000000e+00 0.000000000000000000e+00 0.000000000000000000e+00 0.000000000000000000e+00 3.777668436867776536e-01
0.000000000000000000e+00 4.887601766072493525e-01 3.022702786628760907e-01 4.383326809362872445e-01 2.318919761641940802e+00
0.000000000000000000e+00 0.000000000000000000e+00 0.000000000000000000e+00 0.000000000000000000e+00 2.012330649167516083e-01
