7.120000000000000000e+02
6.940000000000000000e+02
7.580000000000000000e+02
7.210000000000000000e+02
7.270000000000000000e+02
7.290000000000000000e+02
7.370000000000000000e+02
7.170000000000000000e+02
7.150000000000000000e+02
7.380000000000000000e+02
7.320000000000000000e+02
7.220000000000000000e+02
7.110000000000000000e+02
7.090000000000000000e+02
7.500000000000000000e+02
7.250000000000000000e+02
7.450000000000000000e+02
7.120000000000000000e+02
7.250000000000000000e+02
7.140000000000000000e+02
7.030000000000000000e+02
7.060000000000000000e+02
7.150000000000000000e+02
6.960000000000000000e+02
7.130000000000000000e+02
7.200000000000000000e+02
7.310000000000000000e+02
7.110000000000000000e+02
7.390000000000000000e+02
7.150000000000000000e+02
