7.790000000000000000e+02
7.850000000000000000e+02
7.860000000000000000e+02
8.020000000000000000e+02
7.820000000000000000e+02
8.120000000000000000e+02
8.060000000000000000e+02
8.100000000000000000e+02
8.090000000000000000e+02
8.130000000000000000e+02
8.070000000000000000e+02
8.020000000000000000e+02
8.050000000000000000e+02
8.000000000000000000e+02
8.040000000000000000e+02
7.980000000000000000e+02
8.340000000000000000e+02
8.150000000000000000e+02
8.100000000000000000e+02
8.130000000000000000e+02
8.000000000000000000e+02
8.110000000000000000e+02
8.000000000000000000e+02
7.960000000000000000e+02
8.300000000000000000e+02
7.960000000000000000e+02
8.100000000000000000e+02
7.970000000000000000e+02
8.030000000000000000e+02
8.270000000000000000e+02
8.170000000000000000e+02
7.960000000000000000e+02
7.900000000000000000e+02
8.120000000000000000e+02
7.920000000000000000e+02
8.100000000000000000e+02
7.980000000000000000e+02
8.130000000000000000e+02
7.860000000000000000e+02
8.170000000000000000e+02
8.210000000000000000e+02
8.190000000000000000e+02
7.990000000000000000e+02
8.060000000000000000e+02
8.130000000000000000e+02
8.150000000000000000e+02
8.120000000000000000e+02
8.330000000000000000e+02
8.010000000000000000e+02
7.960000000000000000e+02
8.340000000000000000e+02
8.030000000000000000e+02
8.050000000000000000e+02
8.160000000000000000e+02
7.900000000000000000e+02
8.240000000000000000e+02
7.930000000000000000e+02
7.970000000000000000e+02
8.110000000000000000e+02
8.150000000000000000e+02
8.130000000000000000e+02
8.100000000000000000e+02
7.990000000000000000e+02
7.850000000000000000e+02
8.030000000000000000e+02
8.260000000000000000e+02
8.130000000000000000e+02
8.270000000000000000e+02
8.120000000000000000e+02
8.170000000000000000e+02
7.910000000000000000e+02
8.120000000000000000e+02
8.100000000000000000e+02
8.230000000000000000e+02
8.070000000000000000e+02
7.840000000000000000e+02
8.080000000000000000e+02
8.080000000000000000e+02
7.980000000000000000e+02
8.170000000000000000e+02
8.090000000000000000e+02
8.060000000000000000e+02
8.050000000000000000e+02
7.970000000000000000e+02
8.220000000000000000e+02
8.010000000000000000e+02
7.860000000000000000e+02
8.230000000000000000e+02
7.860000000000000000e+02
8.090000000000000000e+02
8.120000000000000000e+02
8.320000000000000000e+02
8.400000000000000000e+02
8.000000000000000000e+02
8.290000000000000000e+02
7.980000000000000000e+02
8.010000000000000000e+02
8.110000000000000000e+02
8.320000000000000000e+02
8.160000000000000000e+02
8.250000000000000000e+02
