0.000000000000000000e+00 0.000000000000000000e+00 0.000000000000000000e+00 0.000000000000000000e+00 2.017985613145827084e-01
5.749641826876166206e-01 0.000000000000000000e+00 0.000000000000000000e+00 0.000000000000000000e+00 4.337993753451248047e-01
0.000000000000000000e+00 1.257910962116041365e+00 0.000000000000000000e+00 0.000000000000000000e+00 1.125424994950531055e+00
6.855548677680752823e-01 1.237735901192949850e+00 0.000000000000000000e+00 0.000000000000000000e+00 8.902064193613901111e-01
0.000000000000000000e+00 0.000000000000000000e+00 7.653375924684268083e-01 0.000000000000000000e+00 3.961877975712676525e-01
8.390125800939369771e-01 0.000000000000000000e+00 6.531361033698181995e-01 0.000000000000000000e+00 6.822362636350020049e-01
0.000000000000000000e+00 1.574813120190826643e+00 1.314005952999964144e+00 0.000000000000000000e+00 1.504364573448334852e+00
7.363707646470873946e-01 1.349932459648604421e+00 1.011896942093295948e+00 0.000000000000000000e+00 8.186186569306793670e-01
0.000000000000000000e+00 0.000000000000000000e+00 0.000000000000000000e+00 1.057314565990584709e+00 8.587103948056340474e-01
5.526161839088851169e-01 0.000000000000000000e+00 0.000000000000000000e+00 1.079769514431045074e+00 6.606497361224087372e-01
0.000000000000000000e+00 2.077925499419350341e+00 0.000000000000000000e+00 1.979260072153341543e+00 1.991266566157075646e+00
5.505258317298528103e-01 1.952723605465026768e+00 0.000000000000000000e+00 2.041907433295777174e+00 9.393261963367209866e-01
0.000000000000000000e+00 0.000000000000000000e+00 7.080847407274183380e-01 1.084724086459281311e+00 1.008602175558507508e+00
5.364488841756716309e-02 0.000000000000000000e+00 3.947918838064152780e-01 4.947337246009449463e-01 8.508443445569606745e-01
0.000000000000000000e+00 2.403420593457584964e+00 1.944602727990358826e+00 2.206212245363874835e+00 2.157497112034207021e+00
3.065281346010026997e-01 7.678998678457542582e-01 7.028689702493431390e-01 4.335297593324094478e-01 1.060629008265450590e+00
