9.050000000000000000e+02
9.040000000000000000e+02
9.080000000000000000e+02
9.000000000000000000e+02
9.260000000000000000e+02
9.030000000000000000e+02
9.380000000000000000e+02
9.140000000000000000e+02
9.090000000000000000e+02
9.250000000000000000e+02
9.210000000000000000e+02
9.170000000000000000e+02
8.980000000000000000e+02
9.150000000000000000e+02
9.040000000000000000e+02
9.090000000000000000e+02
9.160000000000000000e+02
9.260000000000000000e+02
9.100000000000000000e+02
9.040000000000000000e+02
9.020000000000000000e+02
9.140000000000000000e+02
9.140000000000000000e+02
9.100000000000000000e+02
9.130000000000000000e+02
9.090000000000000000e+02
9.240000000000000000e+02
9.170000000000000000e+02
9.120000000000000000e+02
9.300000000000000000e+02
