7.920000000000000000e+02
7.920000000000000000e+02
8.240000000000000000e+02
7.880000000000000000e+02
7.900000000000000000e+02
7.900000000000000000e+02
8.120000000000000000e+02
8.010000000000000000e+02
8.190000000000000000e+02
8.110000000000000000e+02
8.300000000000000000e+02
7.810000000000000000e+02
8.090000000000000000e+02
8.190000000000000000e+02
8.030000000000000000e+02
8.130000000000000000e+02
8.280000000000000000e+02
8.290000000000000000e+02
8.540000000000000000e+02
8.330000000000000000e+02
8.100000000000000000e+02
8.070000000000000000e+02
8.070000000000000000e+02
8.280000000000000000e+02
8.150000000000000000e+02
8.120000000000000000e+02
8.120000000000000000e+02
7.980000000000000000e+02
8.250000000000000000e+02
8.220000000000000000e+02
