0.000000000000000000e+00 0.000000000000000000e+00 0.000000000000000000e+00 0.000000000000000000e+00 1.235460796676829676e-01
5.324813724661013881e-01 0.000000000000000000e+00 0.000000000000000000e+00 0.000000000000000000e+00 2.801125073358680662e-01
0.000000000000000000e+00 1.200207673039030309e+00 0.000000000000000000e+00 0.000000000000000000e+00 1.117680824259938532e+00
2.344763558670948933e-01 5.328773363673253716e-01 0.000000000000000000e+00 0.000000000000000000e+00 1.151373437466804317e+00
0.000000000000000000e+00 0.000000000000000000e+00 7.235133965550116786e-01 0.000000000000000000e+00 4.256151762781356651e-01
5.842393916080641514e-01 0.000000000000000000e+00 8.062895731973281910e-01 0.000000000000000000e+00 3.834476617217214001e-01
0.000000000000000000e+00 8.680368127317574789e-01 3.361660391503727419e-01 0.000000000000000000e+00 1.814471305470669815e+00
1.252543159262719807e-01 1.018965172782645978e-01 8.599314906687177684e-02 0.000000000000000000e+00 1.171816706210853765e+00
0.000000000000000000e+00 0.000000000000000000e+00 0.000000000000000000e+00 1.042346970273529516e+00 1.053387039601070496e+00
0.000000000000000000e+00 0.000000000000000000e+00 0.000000000000000000e+00 0.000000000000000000e+00 1.008395065303047788e+00
0.000000000000000000e+00 1.272331325970171179e+00 0.000000000000000000e+00 1.581291803744225843e+00 2.063320156757465718e+00
0.000000000000000000e+00 0.000000000000000000e+00 0.000000000000000000e+00 0.000000000000000000e+00 2.016546853764379144e+00
0.000000000000000000e+00 0.000000000000000000e+00 2.221008889008645459e-01 0.000000000000000000e+00 1.044084290445727481e+00
0.000000000000000000e+00 0.000000000000000000e+00 0.000000000000000000e+00 0.000000000000000000e+00 3.044586058274053042e-01
0.000000000000000000e+00 2.534932466575974819e-01 0.000000000000000000e+00 4.504437361453010880e-01 2.434339670710717218e+00
0.000000000000000000e+00 0.000000000000000000e+00 0.000000000000000000e+00 0.000000000000000000e+00 0.000000000000000000e+00
