6.790000000000000000e+02
6.520000000000000000e+02
6.610000000000000000e+02
6.900000000000000000e+02
6.570000000000000000e+02
6.910000000000000000e+02
7.010000000000000000e+02
6.970000000000000000e+02
6.750000000000000000e+02
6.730000000000000000e+02
6.790000000000000000e+02
6.730000000000000000e+02
6.570000000000000000e+02
6.650000000000000000e+02
6.910000000000000000e+02
6.750000000000000000e+02
6.610000000000000000e+02
6.760000000000000000e+02
6.880000000000000000e+02
6.680000000000000000e+02
6.930000000000000000e+02
6.720000000000000000e+02
6.780000000000000000e+02
6.950000000000000000e+02
6.680000000000000000e+02
6.970000000000000000e+02
6.770000000000000000e+02
6.910000000000000000e+02
6.910000000000000000e+02
6.860000000000000000e+02
